-4.770570915046010e+00
-7.669331583896620e+00
+8.737503977040600e-01
+3.776469036299549e+00
-5.443788703181373e-01
-5.348029470922994e+00
-8.204166306335390e+00
+8.459749326714295e+00
-2.059758714772387e+00
-4.254875209750364e+00
-3.873567780614023e+00
+2.107068723869181e+01
+2.991952851714382e+00
-1.443824364502064e+00
-2.176308338715200e+00
-2.604271360477382e+00
-3.173099363877986e+00
-2.301123471375235e+00
-2.706930954965493e+00
-2.027835766478764e+00
-2.398929920806324e+00
-1.304788433400247e+00
-2.047486690003845e+00
-1.502279729212932e+00
-2.368986066964558e+00
-9.065701702843052e+00
-2.138260431206824e+00
-2.054610476498238e+00
-6.798768920337086e+00
-3.542502167445151e+00
-1.393271560478696e+00
-1.969140560043174e+00
-9.145712236278296e+00
-4.622611143699704e+00
-3.741479915172429e+00
-5.483667396307021e+00
+3.097998271251328e-01
+2.409208639337587e-01
-1.567759188354733e+00
+8.745573159015707e-01
-1.043119995199159e+01
-3.553859780214045e-01
-9.742268718008010e-01
-1.557921855448605e+00
-1.253079288403580e+00
-2.418051335381965e+00
-8.949067432786748e+00
-2.053190023801027e+00
-1.612451781537107e+00
-6.101109008506477e+00
-3.566440078079689e+00
-1.436497389855469e+00
-1.831853670496233e+00
-9.169157428673593e+00
-4.710084854933699e+00
-3.673596684619760e+00
+3.158927888184769e+00
-1.026562049858964e+00
-3.189323147306118e+00
-4.386356980273784e+00
-1.027052288520419e+00
+1.099357014203079e+00
-6.686402267001953e-01
-9.080192636842259e-01
-2.014217096008831e+00
-1.301918717025678e+00
-2.280367029817779e+00
-9.024804667498543e+00
-2.240023469138967e+00
-2.154523259849467e+00
-2.397714518690191e-02
-4.867194070243877e+00
-4.925380578851820e+00
+2.011914914332113e+00
-4.716451028304481e+00
-4.909472333238312e+00
+2.212813374085209e+00
-4.868930483680954e+00
